[Cuckoo+HC] n=10 | Cuckoo+HC | nests=50, iter=500, pa=0.6, alpha=1.5, lambda=1.5 | Tiempo: 0.4195s | Distancia: 727
[Cuckoo+HC] n=20 | Cuckoo+HC | nests=50, iter=200, pa=0.6, alpha=1.0, lambda=2.0 | Tiempo: 0.1823s | Distancia: 1664
[Cuckoo+HC] n=50 | Cuckoo+HC | nests=25, iter=500, pa=0.25, alpha=2.0, lambda=1.5 | Tiempo: 0.5725s | Distancia: 3639
[Cuckoo+HC] n=100 | Cuckoo+HC | nests=50, iter=500, pa=0.6, alpha=1.0, lambda=1.5 | Tiempo: 3.8180s | Distancia: 5301
[Cuckoo+HC] n=200 | Cuckoo+HC | nests=50, iter=200, pa=0.6, alpha=1.5, lambda=1.5 | Tiempo: 40.2502s | Distancia: 9297
[Cuckoo+HC] n=500 | Cuckoo+HC | nests=50, iter=200, pa=0.25, alpha=0.5, lambda=1.0 | Tiempo: 1830.7783s | Distancia: 18558

📊 Mejor resultado por cada tamaño:
  n                                                                                                                                                                                                                                                                                                                                                                                                                                                                                            Ruta  Distancia  Tiempo (s)  n_nests  max_iter   pa  alpha  Lambda
 10                                                                                                                                                                                                                                                                                                                                                                                                                                                                  [7, 5, 8, 4, 9, 6, 3, 2, 0, 1]        727    0.419542       50       500 0.60    1.5     1.5
 20                                                                                                                                                                                                                                                                                                                                                                                                                          [18, 5, 9, 14, 4, 0, 1, 7, 6, 12, 13, 11, 16, 17, 3, 8, 2, 10, 15, 19]       1664    0.182340       50       200 0.60    1.0     2.0
 50                                                                                                                                                                                                                                                                                                  [28, 35, 42, 24, 11, 22, 1, 0, 20, 41, 15, 37, 47, 12, 32, 27, 3, 31, 7, 40, 38, 5, 8, 46, 29, 39, 17, 2, 21, 26, 13, 34, 18, 16, 48, 14, 19, 23, 36, 30, 45, 4, 6, 44, 33, 43, 10, 25, 9, 49]       3639    0.572508       25       500 0.25    2.0     1.5
100                                                                                          [79, 36, 0, 78, 4, 43, 17, 31, 14, 95, 56, 33, 92, 11, 52, 77, 80, 25, 46, 2, 60, 6, 98, 85, 72, 39, 82, 86, 12, 29, 8, 99, 71, 88, 62, 21, 10, 20, 48, 68, 26, 76, 74, 64, 24, 91, 84, 75, 59, 15, 94, 50, 18, 93, 40, 47, 97, 38, 58, 96, 13, 5, 61, 22, 45, 55, 83, 34, 42, 87, 69, 81, 57, 44, 23, 30, 66, 32, 41, 54, 63, 65, 28, 70, 89, 1, 37, 53, 7, 35, 16, 19, 67, 3, 27, 49, 90, 51, 73, 9]       5301    3.818037       50       500 0.60    1.0     1.5
200                          [69, 118, 188, 123, 44, 43, 199, 140, 24, 95, 144, 42, 117, 101, 0, 184, 137, 145, 11, 23, 147, 141, 46, 3, 109, 122, 159, 192, 119, 93, 165, 30, 103, 41, 162, 1, 180, 37, 9, 110, 20, 115, 104, 161, 39, 18, 27, 168, 194, 89, 12, 146, 48, 131, 68, 57, 71, 5, 169, 176, 181, 65, 28, 196, 38, 190, 139, 72, 183, 83, 77, 34, 193, 35, 91, 107, 127, 197, 182, 54, 154, 61, 114, 66, 189, 105, 26, 151, 174, 90, 106, 102, 74, 50, 78, 130, 185, 175, 63, 166, ...]       9297   40.250228       50       200 0.60    1.5     1.5
500 [484, 369, 425, 366, 346, 371, 360, 240, 134, 174, 179, 465, 93, 433, 37, 185, 109, 317, 197, 281, 413, 455, 291, 106, 334, 3, 138, 151, 260, 308, 243, 466, 4, 290, 92, 397, 435, 256, 21, 126, 45, 225, 166, 459, 159, 17, 257, 190, 487, 468, 262, 236, 289, 231, 2, 172, 395, 83, 48, 14, 20, 127, 117, 283, 81, 498, 269, 314, 399, 408, 173, 406, 458, 5, 328, 85, 402, 113, 0, 176, 485, 155, 11, 293, 265, 218, 238, 180, 60, 95, 379, 426, 448, 229, 77, 183, 343, 429, 168, 410, ...]      18558 1830.778298       50       200 0.25    0.5     1.0
