[Cuckoo Search] n=10 | Cuckoo | nests=50, iter=500, pa=0.6, alpha=1.5, lambda=1.5 | Tiempo: 0.4049s | Distancia: 727
[Cuckoo Search] n=20 | Cuckoo | nests=50, iter=200, pa=0.6, alpha=1.0, lambda=2.0 | Tiempo: 0.1602s | Distancia: 2095
[Cuckoo Search] n=50 | Cuckoo | nests=25, iter=500, pa=0.25, alpha=2.0, lambda=1.5 | Tiempo: 0.4496s | Distancia: 3592
[Cuckoo Search] n=100 | Cuckoo | nests=50, iter=500, pa=0.6, alpha=1.0, lambda=1.5 | Tiempo: 1.2995s | Distancia: 9832
[Cuckoo Search] n=200 | Cuckoo | nests=50, iter=200, pa=0.6, alpha=1.5, lambda=1.5 | Tiempo: 0.9226s | Distancia: 32412
[Cuckoo Search] n=500 | Cuckoo | nests=50, iter=200, pa=0.25, alpha=0.5, lambda=1.0 | Tiempo: 2.4526s | Distancia: 85893

📊 Mejor resultado por cada tamaño:
  n                                                                                                                                                                                                                                                                                                                                                                                                                                                                                              Ruta  Distancia  Tiempo (s)  n_nests  max_iter   pa  alpha  Lambda
 10                                                                                                                                                                                                                                                                                                                                                                                                                                                                    [7, 5, 8, 4, 9, 6, 3, 2, 0, 1]        727    0.404851       50       500 0.60    1.5     1.5
 20                                                                                                                                                                                                                                                                                                                                                                                                                            [10, 3, 6, 18, 11, 1, 12, 13, 15, 0, 5, 9, 7, 14, 4, 19, 16, 17, 8, 2]       2095    0.160162       50       200 0.60    1.0     2.0
 50                                                                                                                                                                                                                                                                                                    [19, 18, 14, 0, 27, 5, 10, 32, 25, 24, 33, 23, 43, 22, 28, 40, 6, 21, 13, 47, 3, 35, 42, 46, 9, 4, 38, 20, 44, 15, 16, 11, 29, 37, 39, 41, 1, 26, 8, 17, 2, 34, 31, 36, 48, 12, 7, 49, 30, 45]       3592    0.449626       25       500 0.25    2.0     1.5
100                                                                                            [61, 55, 36, 69, 70, 89, 40, 73, 0, 12, 94, 46, 78, 21, 51, 60, 68, 96, 42, 57, 53, 11, 45, 80, 25, 10, 91, 48, 92, 47, 1, 19, 54, 90, 15, 9, 98, 58, 77, 27, 86, 99, 24, 3, 65, 28, 93, 49, 67, 5, 26, 82, 38, 56, 34, 85, 76, 44, 43, 62, 59, 52, 97, 2, 20, 39, 6, 72, 4, 30, 88, 81, 95, 29, 18, 7, 50, 63, 66, 16, 64, 84, 75, 71, 74, 13, 83, 87, 14, 79, 32, 37, 31, 35, 33, 23, 8, 41, 22, 17]       9832    1.299481       50       500 0.60    1.0     1.5
200                                 [11, 194, 86, 90, 63, 7, 110, 99, 112, 25, 88, 185, 132, 117, 198, 94, 169, 196, 138, 72, 154, 184, 13, 161, 175, 128, 131, 55, 192, 109, 91, 21, 102, 50, 120, 168, 83, 146, 197, 118, 46, 1, 177, 26, 4, 104, 113, 186, 22, 191, 15, 64, 153, 127, 24, 80, 2, 59, 43, 27, 111, 181, 122, 167, 78, 6, 173, 174, 39, 62, 165, 19, 70, 96, 152, 3, 100, 17, 116, 32, 180, 41, 12, 75, 158, 87, 178, 35, 79, 172, 140, 16, 77, 150, 176, 188, 114, 40, 52, 14, ...]      32412    0.922572       50       200 0.60    1.5     1.5
500 [349, 254, 308, 334, 82, 104, 480, 297, 351, 428, 289, 338, 434, 378, 433, 86, 30, 311, 362, 51, 120, 357, 28, 202, 159, 211, 170, 486, 7, 171, 313, 300, 232, 140, 385, 281, 158, 218, 17, 280, 98, 445, 27, 332, 345, 483, 274, 350, 91, 50, 16, 4, 237, 229, 413, 209, 48, 294, 267, 398, 355, 165, 249, 228, 386, 2, 106, 412, 493, 376, 301, 276, 155, 103, 36, 66, 327, 262, 438, 21, 57, 139, 496, 442, 304, 208, 295, 132, 277, 241, 181, 392, 329, 383, 324, 414, 90, 60, 399, 404, ...]      85893    2.452553       50       200 0.25    0.5     1.0